...166-

La Saint·G0thard 66161661 166611616661116 que 611 1116 ; 66
61116661 611666611611161111161166, 1111 166 6116611166 161-
6611, 1611116616116, 6 16 Suissa, 1 1116116, 1116116166, 166 ·
6611116111116661116 61616111116 16111111161161166, 61111116
1116611611 l’ ( Adule, ›> 61116 11661611 (116661111611116

6611166161166 6161161166 : c’est 11 1111 16611 1116161116
1161161.

Soudain 666111611 166 (( Ν616166 6161111166; a 6116611611611
1111111616 Η1116116, 61111661 1611611111 166 61116661616
61 166 11116116161166 11611116 61 116 16 1111116. 161, 11
111116, 161116161 16 11616 66 16161611, 16166 quala 1661166
1611116116 16161661116 : 166 1611161166 11 11111 6 666 1 palas
16161661161661111161( d'un 1161116111616611616 6111611116; 1
16 116160666111111611, qui blessa (11116, 61116116161161. Par
11116116161611, 1616111661 11 passage 61 661111616 victoira
611111116116116116 61 161111. 1111111611 116 1616161161616-
161166 1111116616 1111161 161611 1 61 161111166, 611111661161
(1111161116, 166 6161611161161161 1611111611 1161 ; 11 161111
pas 66611616611116611116 6611161116661616116 ;16 1111116111-
guavilla 61 16 Nogent ; 16 11666116 16 (londa, 1 16 66116 qu’il
1 ait 16616 1616 111166 666 campagnes (1). a L’e'crivain semble
61611116 161111 1616111 16116111611111 1’1161616611161116
611611666116 61 1611166, 66116 11111. 1661116166 6111111166
61111611116666161 166 6116116 mythologiques. Sur un signe
(1611116, (( Μ616 6116111161) 11611611 61616161616111 61166
111161161611-1616161 (1161111111 (21 : la 11116 6616111116161
1616111116 11 111111 qui <‹ abandonne 666 111116, 1111616161
616116, 11 66 trahit 16 111611161616111111661111 vagae 611111
suivie. .

Ca grand trumeau 16161, digna 1611611166111166 1616
Brun, 166161111 16 16 1661116 1116116, 661616 161 1111161116 61
1611161161Μ61161. S’il 16 6111166611 161161116116161161661

1 11116116.
(fij) 1( 11161111116661111111611161111116111611116. 1

 

